Pour E appris initialisé à E_SGNS


tensor([ 4.0030e-03,  4.4190e-03, -3.8300e-03, -3.2780e-03,  1.3670e-03,
         3.0210e-03,  9.4100e-04,  2.1100e-04, -3.6040e-03,  2.2180e-03,
        -4.3560e-03,  1.2500e-03, -7.5100e-04, -9.5700e-04, -3.3160e-03,
        -1.8820e-03,  2.5790e-03,  3.0250e-03,  2.9690e-03,  1.5970e-03,
         1.5450e-03, -3.8030e-03, -4.0960e-03,  4.9700e-03,  3.8010e-03,
         3.0900e-03, -6.0400e-04,  4.0160e-03, -4.9500e-04,  7.3500e-04,
        -1.4900e-04, -2.9830e-03,  1.3120e-03, -1.3370e-03, -3.8250e-03,
         4.7540e-03,  4.3790e-03, -1.0950e-03, -2.2600e-04,  5.0900e-04,
        -3.6380e-03, -4.0070e-03,  4.5550e-03,  6.3000e-05, -2.5820e-03,
        -3.0420e-03, -3.0760e-03,  1.6970e-03,  2.0100e-04,  1.3310e-03,
        -4.2140e-03, -3.8080e-03, -1.3000e-04,  1.1440e-03,  2.5500e-03,
        -3.1700e-03,  4.0800e-03,  9.2700e-04,  1.1200e-03, -6.0800e-04,
         2.9860e-03, -2.2880e-03, -2.0970e-03,  2.1580e-03, -7.5300e-04,
         1.0310e-03,  1.8050e-03, -4.0890e-03, -1.9830e-03,  2.9140e-03,
         4.2320e-03,  3.9320e-03, -3.0470e-03, -2.1080e-03, -9.0900e-04,
         2.0010e-03, -3.7880e-03,  2.9980e-03,  2.7880e-03, -1.5990e-03,
        -1.5520e-03, -2.2380e-03,  4.2290e-03,  3.9120e-03, -1.1800e-03,
         4.2150e-03,  4.8200e-03,  1.8150e-03,  4.9830e-03, -3.1110e-03,
        -1.5320e-03, -2.1070e-03, -2.9070e-03,  2.8150e-03,  1.5790e-03,
         4.2500e-04, -2.1940e-03,  1.5240e-03,  3.0590e-03,  1.9400e-04],
       grad_fn=<SelectBackward0>)


E_SGNS

tensor([ 4.0030e-03,  4.4190e-03, -3.8300e-03, -3.2780e-03,  1.3670e-03,
         3.0210e-03,  9.4100e-04,  2.1100e-04, -3.6040e-03,  2.2180e-03,
        -4.3560e-03,  1.2500e-03, -7.5100e-04, -9.5700e-04, -3.3160e-03,
        -1.8820e-03,  2.5790e-03,  3.0250e-03,  2.9690e-03,  1.5970e-03,
         1.5450e-03, -3.8030e-03, -4.0960e-03,  4.9700e-03,  3.8010e-03,
         3.0900e-03, -6.0400e-04,  4.0160e-03, -4.9500e-04,  7.3500e-04,
        -1.4900e-04, -2.9830e-03,  1.3120e-03, -1.3370e-03, -3.8250e-03,
         4.7540e-03,  4.3790e-03, -1.0950e-03, -2.2600e-04,  5.0900e-04,
        -3.6380e-03, -4.0070e-03,  4.5550e-03,  6.3000e-05, -2.5820e-03,
        -3.0420e-03, -3.0760e-03,  1.6970e-03,  2.0100e-04,  1.3310e-03,
        -4.2140e-03, -3.8080e-03, -1.3000e-04,  1.1440e-03,  2.5500e-03,
        -3.1700e-03,  4.0800e-03,  9.2700e-04,  1.1200e-03, -6.0800e-04,
         2.9860e-03, -2.2880e-03, -2.0970e-03,  2.1580e-03, -7.5300e-04,
         1.0310e-03,  1.8050e-03, -4.0890e-03, -1.9830e-03,  2.9140e-03,
         4.2320e-03,  3.9320e-03, -3.0470e-03, -2.1080e-03, -9.0900e-04,
         2.0010e-03, -3.7880e-03,  2.9980e-03,  2.7880e-03, -1.5990e-03,
        -1.5520e-03, -2.2380e-03,  4.2290e-03,  3.9120e-03, -1.1800e-03,
         4.2150e-03,  4.8200e-03,  1.8150e-03,  4.9830e-03, -3.1110e-03,
        -1.5320e-03, -2.1070e-03, -2.9070e-03,  2.8150e-03,  1.5790e-03,
         4.2500e-04, -2.1940e-03,  1.5240e-03,  3.0590e-03,  1.9400e-04])



E initialisé aléatoirement et appris 

tensor([3.2581e-01, 3.2175e-01, 1.0982e-01, 7.6188e-01, 2.8207e-02, 6.7026e-01,
        9.6784e-01, 6.4524e-01, 7.3780e-01, 7.3992e-01, 7.7276e-01, 3.1646e-01,
        9.8943e-01, 2.0916e-01, 1.0660e-01, 1.3602e-01, 5.5977e-01, 8.7445e-01,
        2.5449e-01, 6.3628e-01, 8.3463e-01, 1.7019e-01, 7.0735e-01, 2.9333e-01,
        2.9940e-01, 2.6363e-01, 6.7743e-02, 8.2240e-01, 9.1378e-01, 9.8100e-01,
        9.7427e-01, 6.2332e-01, 8.8094e-01, 4.7440e-01, 7.0769e-02, 4.5380e-01,
        3.2450e-01, 8.7687e-01, 6.3656e-01, 6.7266e-01, 2.2143e-01, 1.7997e-01,
        4.0401e-03, 5.6232e-01, 2.6423e-01, 3.9181e-01, 8.5775e-01, 2.9959e-01,
        8.4407e-01, 6.6588e-01, 6.6391e-01, 3.3715e-01, 7.9156e-01, 5.7539e-01,
        4.1638e-01, 9.6847e-01, 8.7467e-01, 5.3739e-01, 7.4661e-04, 8.2453e-02,
        7.1656e-01, 3.4558e-01, 9.2280e-01, 4.9866e-01, 6.3016e-01, 6.7776e-01,
        4.7965e-02, 6.3456e-01, 6.6453e-01, 9.2924e-01, 4.5219e-01, 2.2663e-01,
        8.7215e-01, 3.4037e-01, 6.5844e-01, 7.8129e-01, 8.3559e-01, 8.9626e-01,
        7.1304e-01, 5.5070e-02, 1.3685e-01, 1.3405e-01, 6.5918e-01, 5.4911e-01,
        5.3856e-01, 2.8392e-01, 6.4051e-01, 4.3429e-01, 4.4575e-01, 4.6371e-02,
        5.3688e-01, 6.1678e-01, 6.2538e-01, 1.9865e-01, 1.8987e-01, 1.6483e-01,
        1.0121e-01, 5.5209e-01, 8.1651e-01, 4.9801e-01],
       grad_fn=<SelectBackward0>)


E initialisé aléatoirement et figé
       [0.2355, 0.2051, 0.7689, 0.9576, 0.9401, 0.0403, 0.9308, 0.4948, 0.9772,
        0.2381, 0.5959, 0.2844, 0.0634, 0.2268, 0.9274, 0.0604, 0.4682, 0.7435,
        0.4126, 0.6079, 0.3472, 0.9190, 0.2278, 0.2875, 0.9311, 0.1219, 0.9352,
        0.5671, 0.1046, 0.5755, 0.4457, 0.9075, 0.6363, 0.6169, 0.6257, 0.7881,
        0.6825, 0.8961, 0.4365, 0.5429, 0.5438, 0.6282, 0.8150, 0.9892, 0.9807,
        0.9273, 0.7893, 0.6948, 0.0889, 0.6145, 0.3654, 0.7133, 0.5174, 0.7755,
        0.7036, 0.7262, 0.3940, 0.4696, 0.3611, 0.8927, 0.5068, 0.0105, 0.8826,
        0.7591, 0.5447, 0.8145, 0.6596, 0.4302, 0.1147, 0.3266, 0.3155, 0.3415,
        0.4204, 0.6475, 0.5112, 0.5592, 0.7314, 0.8903, 0.9646, 0.8410, 0.6385,
        0.2636, 0.5403, 0.3168, 0.6071, 0.6050, 0.3387, 0.4101, 0.9505, 0.9777,
        0.5299, 0.9713, 0.4280, 0.0137, 0.7070, 0.5969, 0.1643, 0.6754, 0.5527,
        0.7763], grad_fn=<SelectBackward0>)